59847 71458 1304787
73188 94751 1081804
55706 101816 1203113
48294 74356 1129157
61239 95146 1190172
61013 75852 1094445
57854 78328 1076332
63423 98968 1075520
59012 7673765 923384
55300 98782 1160771
57930 96220 2092824
59314 77121 1096632
69105 99538 1276066
55039 87475 1267512
47868 80990 2830556
55177 83361 1320601
50949 95789 1413916
57495 81162 930138
64892 96642 1291285
56625 93512 1097372
56369 97697 1276811
61737 96407 1114173
57590 102586 1074471
54592 95199 944303
55084 121617 1135528
51445 92851 1288712
55034 94292 1257652
70634 73870 1177368
61144 94467 1533039
56435 107562 1090978
68865 79704 928644
51120 76399 969499
61213 96866 1180046
63230 105813 1409416
63695 79878 1776049
61943 72749 1138704
57336 94249 1284729
59379 92188 8185922
56631 101177 949158
68133 101729 1604441
60674 100039 1377266
63377 70298 944990
62008 97585 1108660
64497 97812 1079603
66162 99088 1348384
62340 108786 1592775
43960 87245 1306290
55111 102114 1155759
54177 93542 934352
66964 95200 967917
51043 73858 1140794
57965 102084 1743309
56933 96492 1306836
54817 73675 1105333
41307 98983 1338038
58068 79524 1083435
58035 81999 923533
66485 106193 1270750
65413 70405 1133465
108447 80205 971333
61517 89127 1358066
61849 97640 1217153
54277 107485 1185737
55700 97134 2469483
56962 142821 965573
55231 89340 949220
63842 96468 1217879
68409 110653 933526
55182 78495 1216636
53914 89092 1239543
55435 97646 1431119
60159 95274 1135064
65612 100357 1165280
62792 96313 1074503
55105 87984 1115935
70119 87454 1102408
53026 67501 2226861
55269 108552 1148769
52822 101893 978439
59706 139539 1232412
64781 74996 1434064
50519 83456 1864077
50032 82258 939528
58195 104808 933999
48942 144074 1163475
51483 82438 1081177
62406 68618 1126524
51526 105023 1109313
52449 107726 924086
61856 111054 6829376
57291 105027 1723750
49558 101078 1238145
50115 71117 940704
58659 93711 3571164
55843 99613 1444496
97363 96491 1095682
44328 107844 1099782
55544 56807 1205060
47163 67353 1851535
52308 74005 1337415
